4.534160614013672
2.645540714263916
2.641557455062866
2.640702247619629
2.5290658473968506
2.7636518478393555
2.679389476776123
2.547663927078247
2.7257416248321533
2.672100305557251
2.686659336090088
2.561399459838867
2.8160154819488525
2.76412034034729
2.656369209289551
2.8032772541046143
2.7092554569244385
2.820098400115967
2.588312864303589
2.8427653312683105
2.8269460201263428
2.702216386795044
2.784254550933838
2.7318544387817383
2.691007137298584
2.8473684787750244
2.7256832122802734
2.736480236053467
2.6123175621032715
2.812286615371704
2.8044543266296387
2.8320813179016113
2.7073769569396973
2.8795275688171387
2.7412056922912598
2.665682554244995
2.8641459941864014
3.0456595420837402
3.6789402961730957
3.1601364612579346
2.989409923553467
2.9080402851104736
3.048577308654785
2.7915759086608887
2.9938786029815674
2.9910590648651123
2.839437246322632
2.838972330093384
2.7901382446289062
2.8653712272644043
