0.08090043067932129
0.11253619194030762
0.11011695861816406
0.0821232795715332
0.05691647529602051
0.08666634559631348
0.0634002685546875
0.0612332820892334
0.11478853225708008
0.06479597091674805
0.10050463676452637
0.08617949485778809
0.06630396842956543
0.06609964370727539
0.055007219314575195
0.0964195728302002
0.0632638931274414
0.05960893630981445
0.07512784004211426
0.06764388084411621
0.0912325382232666
0.06653261184692383
0.0744774341583252
0.07592892646789551
0.06189465522766113
0.07864809036254883
0.07134413719177246
0.06614136695861816
0.06550478935241699
0.06658387184143066
0.07886862754821777
0.06354856491088867
0.06583499908447266
0.07225584983825684
0.06721782684326172
0.059683799743652344
0.07585287094116211
0.07872509956359863
0.07042908668518066
0.06724047660827637
0.05649733543395996
0.07537007331848145
0.08040261268615723
0.06300950050354004
0.06322622299194336
0.06581902503967285
0.06416487693786621
0.059656381607055664
0.06706738471984863
0.060947418212890625
