2.7391843795776367
2.848999261856079
2.7670512199401855
2.7786405086517334
2.6475353240966797
2.819391965866089
2.7588858604431152
2.7256460189819336
2.872849702835083
2.830744743347168
2.8231518268585205
2.634957790374756
2.7721104621887207
2.728304147720337
2.7578351497650146
2.705151081085205
2.8822622299194336
2.74662184715271
2.6008453369140625
2.790170907974243
2.7921550273895264
2.821181535720825
2.692331075668335
2.867558240890503
2.8068273067474365
2.8176372051239014
2.7038187980651855
2.7817983627319336
2.7967987060546875
2.6189992427825928
2.8493735790252686
2.7151129245758057
2.8233001232147217
2.7072854042053223
2.8837196826934814
2.80769419670105
2.732555389404297
2.606205463409424
2.844391345977783
2.8195834159851074
2.7039413452148438
2.864286184310913
2.804713010787964
2.8080265522003174
2.696277141571045
2.8190178871154785
2.8018269538879395
2.81941556930542
2.6097147464752197
2.8341612815856934
