2.8857991695404053
2.7505569458007812
2.9383792877197266
2.7864794731140137
2.824629306793213
2.6736347675323486
2.8342511653900146
2.8682751655578613
2.8923728466033936
2.6734671592712402
2.8519303798675537
2.8767428398132324
2.742898464202881
2.9435439109802246
2.904005289077759
2.8077125549316406
2.775094509124756
2.85658860206604
2.8852179050445557
2.7952921390533447
2.6703836917877197
2.8486204147338867
2.892991781234741
2.7648329734802246
2.947484016418457
2.8774304389953613
2.8659884929656982
2.663311719894409
2.8471076488494873
2.7953290939331055
2.9020376205444336
2.7808194160461426
2.84982967376709
2.794133424758911
2.7386817932128906
2.921876907348633
2.8887124061584473
2.873502492904663
2.7331202030181885
2.8375003337860107
2.7953076362609863
2.7988014221191406
2.7587828636169434
2.849961042404175
2.786334753036499
2.673687696456909
2.8375184535980225
2.780522108078003
2.8675966262817383
2.7657864093780518
