1.1602165699005127
1.150477647781372
1.168095588684082
1.169440507888794
1.3323321342468262
1.401418924331665
1.4069113731384277
1.4333899021148682
1.4184355735778809
1.461212396621704
1.4234044551849365
1.3722083568572998
1.4087913036346436
1.48661470413208
1.468843698501587
1.4224827289581299
1.4656949043273926
1.4453697204589844
1.3802130222320557
1.3741681575775146
1.3517060279846191
1.434312105178833
1.356616735458374
1.3746368885040283
1.3604741096496582
1.4227871894836426
1.3349487781524658
1.339900255203247
1.3676681518554688
1.3753249645233154
1.3857393264770508
1.3507256507873535
1.3513267040252686
1.4266910552978516
1.3637661933898926
1.3629698753356934
1.4125521183013916
1.3982806205749512
1.374053955078125
1.351093053817749
1.3557484149932861
1.3708021640777588
1.3415589332580566
1.4531042575836182
1.348005771636963
1.3627231121063232
1.3539044857025146
1.379363775253296
1.3900976181030273
1.4295542240142822
