3.018986701965332
0.8293025493621826
0.7931993007659912
0.8209431171417236
0.8482265472412109
0.8387303352355957
0.7639427185058594
0.7781438827514648
0.7755229473114014
0.7766261100769043
0.7599573135375977
0.7735209465026855
0.7521073818206787
0.7603180408477783
0.7450485229492188
0.7528808116912842
0.7572839260101318
0.7904484272003174
0.7683885097503662
0.7542340755462646
0.7602357864379883
0.7693066596984863
0.7482285499572754
0.7653555870056152
0.7589774131774902
0.7582895755767822
0.7576186656951904
0.7665882110595703
0.7716162204742432
0.7779130935668945
0.7697334289550781
0.7628610134124756
0.7583708763122559
0.7638638019561768
0.7787144184112549
0.7649645805358887
0.755364179611206
0.7496140003204346
0.7508947849273682
0.7549355030059814
0.7384293079376221
0.7485952377319336
0.7604598999023438
0.7641403675079346
0.7529101371765137
0.7640488147735596
0.7398233413696289
0.7575690746307373
0.7492272853851318
0.783348798751831
