0.8818619251251221
0.1110837459564209
0.16209697723388672
0.1002042293548584
0.08897924423217773
0.16693353652954102
0.11545562744140625
0.11472272872924805
0.10545754432678223
0.09215188026428223
0.09133625030517578
0.10520815849304199
0.09289336204528809
0.14625930786132812
0.08667612075805664
0.0858154296875
0.09171271324157715
0.10136032104492188
0.10346317291259766
0.09389281272888184
0.09097886085510254
0.10651683807373047
0.08678340911865234
0.0916147232055664
0.09993934631347656
0.08761405944824219
0.10299301147460938
0.1128997802734375
0.08460211753845215
0.09405112266540527
0.09233331680297852
0.11716222763061523
0.09187602996826172
0.09762096405029297
0.09270071983337402
0.1288280487060547
0.1058511734008789
0.09846925735473633
0.09128403663635254
0.08486461639404297
0.0836801528930664
0.09984707832336426
0.1003880500793457
0.10506153106689453
0.09645414352416992
0.08673501014709473
0.09055829048156738
0.09319877624511719
0.10523605346679688
0.08403134346008301
