7.130383729934692
6.9393181800842285
6.992642402648926
6.789686679840088
7.098345041275024
7.00858211517334
6.938620567321777
7.09183144569397
7.081071138381958
7.045597553253174
6.89599084854126
7.0240478515625
7.118720769882202
7.08643102645874
6.9536378383636475
7.087832689285278
6.989078521728516
6.89894700050354
7.150750398635864
7.021761655807495
7.08927321434021
6.93570613861084
7.018801927566528
7.042542934417725
6.966150283813477
6.9280619621276855
7.049196004867554
7.009877443313599
6.939402341842651
7.098846912384033
7.081460952758789
7.114776611328125
6.893773555755615
7.105011940002441
6.984253883361816
7.080156087875366
6.986418962478638
7.102745294570923
7.090946197509766
6.899463891983032
7.022469997406006
7.050894737243652
7.075532674789429
6.9358885288238525
7.157912015914917
7.116667747497559
7.010209798812866
6.912242412567139
7.050621032714844
7.119250059127808
