0.29552221298217773
0.29755640029907227
0.35082125663757324
0.2969059944152832
0.29878664016723633
0.30416321754455566
0.30315136909484863
0.2931995391845703
0.29406189918518066
0.3000154495239258
0.2934582233428955
0.29526424407958984
0.3031141757965088
0.29381680488586426
0.29473090171813965
0.2954411506652832
0.2935302257537842
0.29889369010925293
0.3059399127960205
0.29665207862854004
0.2837386131286621
0.2878251075744629
0.30451273918151855
0.29549145698547363
0.3055002689361572
0.3050835132598877
0.30509161949157715
0.2975797653198242
0.30121421813964844
0.29987478256225586
0.28899216651916504
0.2944660186767578
0.29611778259277344
0.29538989067077637
0.2899820804595947
0.29839491844177246
0.2882046699523926
0.297961950302124
0.3003573417663574
0.3049194812774658
0.3055531978607178
0.2896082401275635
0.2974514961242676
0.2893030643463135
0.2856743335723877
0.30207085609436035
0.2898120880126953
0.298290491104126
0.3003542423248291
0.30185651779174805
