14.311626672744751
14.349329948425293
14.398290395736694
14.416861534118652
14.46256422996521
14.506119728088379
14.47772479057312
14.422536849975586
14.407548189163208
14.430302619934082
14.434595584869385
14.451529502868652
14.473808526992798
14.41112756729126
14.374732732772827
14.490405321121216
14.438959836959839
14.483276605606079
14.36534571647644
14.368003129959106
14.415158033370972
14.4494469165802
14.464834928512573
14.437662601470947
14.43652081489563
14.427989721298218
14.49068570137024
14.513263702392578
14.505428791046143
14.498087406158447
14.447121620178223
14.44873571395874
14.481987953186035
14.475496292114258
14.415204763412476
14.500046491622925
14.467559576034546
14.495518922805786
14.474332809448242
14.498625755310059
14.477334976196289
14.447534322738647
14.491705417633057
14.461027145385742
14.536368370056152
14.459087371826172
14.543060541152954
14.42037034034729
14.508193254470825
14.56870985031128
