0.8397424221038818
0.8435249328613281
0.8181953430175781
0.7886559963226318
0.7631964683532715
0.7742292881011963
0.7661151885986328
0.7959094047546387
0.7628417015075684
0.7619683742523193
0.7491893768310547
0.7678685188293457
0.7535192966461182
0.7592141628265381
0.7506375312805176
0.7501375675201416
0.7466051578521729
0.7215702533721924
0.7309503555297852
0.7265002727508545
0.7680134773254395
0.7332937717437744
0.7428765296936035
0.735497236251831
0.7513749599456787
0.7350473403930664
0.7602267265319824
0.7305548191070557
0.7478969097137451
0.737764835357666
0.7358145713806152
0.7445032596588135
0.7232611179351807
0.7437512874603271
0.7402656078338623
0.7556972503662109
0.7539527416229248
0.7615995407104492
0.7449216842651367
0.7433187961578369
0.7484824657440186
0.7540066242218018
0.7308928966522217
0.7340927124023438
0.7389950752258301
0.7314581871032715
0.727912187576294
0.718621015548706
0.7275192737579346
0.7175133228302002
