0.2382802963256836
0.23714923858642578
0.2371063232421875
0.23666095733642578
0.2366623878479004
0.23660063743591309
0.236846923828125
0.23673009872436523
0.23689723014831543
0.23692631721496582
0.2369368076324463
0.23695993423461914
0.2367997169494629
0.2370600700378418
0.23725223541259766
0.23720312118530273
0.23676204681396484
0.2369840145111084
0.23705029487609863
0.2367537021636963
0.2370896339416504
0.23708796501159668
0.23682451248168945
0.2369518280029297
0.23694324493408203
0.23689651489257812
0.23689961433410645
0.23702025413513184
0.23687338829040527
0.23692798614501953
0.23689055442810059
0.23693370819091797
0.2371225357055664
0.23726463317871094
0.23670172691345215
0.23711371421813965
0.23711252212524414
0.23691868782043457
0.23685240745544434
0.23719334602355957
0.23688101768493652
0.23699164390563965
0.237440824508667
0.2370140552520752
0.23747992515563965
0.23750638961791992
0.23743510246276855
0.23752856254577637
0.2374732494354248
0.23721885681152344
