6.733000040054321
6.709955453872681
6.715965747833252
6.729997634887695
6.718873739242554
6.739774465560913
6.734140872955322
6.71574592590332
6.717449426651001
6.757683277130127
6.714793920516968
6.728429794311523
6.716200351715088
6.7212841510772705
6.722117900848389
6.726902484893799
6.742280721664429
6.71716046333313
6.721721887588501
6.729140043258667
6.75150728225708
6.741742849349976
6.7230024337768555
6.746975898742676
6.739564895629883
6.72932767868042
6.72697901725769
6.728957653045654
6.739137172698975
6.725397825241089
6.725716590881348
6.737919092178345
6.731795310974121
6.807584762573242
6.737233400344849
6.742597341537476
6.73496675491333
6.739699125289917
6.736295938491821
6.739684104919434
6.734178304672241
6.758234739303589
6.7369630336761475
6.728135585784912
6.733930349349976
6.734969854354858
6.73723292350769
6.72760272026062
6.729180574417114
6.723429203033447
