0.18872618675231934
0.03259587287902832
0.03231692314147949
0.03188323974609375
0.03182077407836914
0.03174281120300293
0.03207898139953613
0.031436920166015625
0.02992725372314453
0.029712438583374023
0.029703140258789062
0.03001260757446289
0.02972245216369629
0.029871225357055664
0.02987957000732422
0.029658794403076172
0.029976844787597656
0.029893875122070312
0.030025005340576172
0.029746532440185547
0.029649734497070312
0.02996826171875
0.02978229522705078
0.029952287673950195
0.030074596405029297
0.02974247932434082
0.029862403869628906
0.02966904640197754
0.02967667579650879
0.030003786087036133
0.030038833618164062
0.029762744903564453
0.029759883880615234
0.029548168182373047
0.029848814010620117
0.029802322387695312
0.030004024505615234
0.029784440994262695
0.029758691787719727
0.02981281280517578
0.0297396183013916
0.02998208999633789
0.030176162719726562
0.02965569496154785
0.029838085174560547
0.02963733673095703
0.02953362464904785
0.03014683723449707
0.030042648315429688
0.03006911277770996
