0.016756534576416016
0.015919923782348633
0.016178131103515625
0.016341209411621094
0.01622772216796875
0.016724824905395508
0.016383647918701172
0.016716718673706055
0.016526222229003906
0.01604151725769043
0.015998125076293945
0.01581120491027832
0.016369342803955078
0.016034841537475586
0.016152381896972656
0.01645684242248535
0.016501903533935547
0.01648259162902832
0.016407251358032227
0.016018390655517578
0.016023635864257812
0.016350984573364258
0.016054153442382812
0.016254901885986328
0.016767263412475586
0.01639580726623535
0.016345977783203125
0.01663804054260254
0.016373157501220703
0.016279935836791992
0.01593637466430664
0.015975475311279297
0.01605057716369629
0.01668262481689453
0.01668381690979004
0.016546010971069336
0.01661372184753418
0.016152143478393555
0.01665520668029785
0.016023874282836914
0.015855789184570312
0.016443490982055664
0.016991376876831055
0.01648688316345215
0.016323328018188477
0.016103029251098633
0.018119335174560547
0.016115665435791016
0.015750408172607422
0.01572108268737793
