2.7327234745025635
0.3845691680908203
0.3827972412109375
0.38343095779418945
0.38175487518310547
0.38752198219299316
0.3826003074645996
0.3799324035644531
0.38106822967529297
0.38242149353027344
0.38051509857177734
0.38223838806152344
0.38506197929382324
0.3837153911590576
0.39148640632629395
0.397139310836792
0.38582420349121094
0.38387060165405273
0.3832693099975586
0.3835124969482422
0.38535356521606445
0.38175463676452637
0.38271188735961914
0.3815889358520508
0.3809056282043457
0.3844738006591797
0.3884115219116211
0.38489246368408203
0.38548874855041504
0.3856678009033203
0.38390564918518066
0.38337087631225586
0.38234424591064453
0.3844640254974365
0.38298821449279785
0.3813803195953369
0.38304996490478516
0.3849303722381592
0.3832581043243408
0.3850865364074707
0.3860793113708496
0.38490986824035645
0.38373494148254395
0.38312220573425293
0.3832221031188965
0.3833651542663574
0.38094544410705566
0.3832967281341553
0.38497257232666016
0.3837437629699707
