0.38497352600097656
0.3871753215789795
0.3883824348449707
0.385664701461792
0.39014625549316406
0.3858199119567871
0.3873782157897949
0.38233065605163574
0.38358378410339355
0.38196301460266113
0.38466525077819824
0.3848459720611572
0.3864598274230957
0.3878793716430664
0.3861558437347412
0.3861887454986572
0.38436293601989746
0.3831970691680908
0.38378429412841797
0.3832519054412842
0.384082555770874
0.3849914073944092
0.38693952560424805
0.38630104064941406
0.38643956184387207
0.3847963809967041
0.38512229919433594
0.3845529556274414
0.38465404510498047
0.38607168197631836
0.3862776756286621
0.3855397701263428
0.38833189010620117
0.3902003765106201
0.38848185539245605
0.3852224349975586
0.383939266204834
0.38396573066711426
0.38308286666870117
0.38556575775146484
0.3841543197631836
0.3850593566894531
0.38741040229797363
0.3865959644317627
0.39075350761413574
0.3880636692047119
0.3867044448852539
0.385758638381958
0.3845655918121338
0.3855288028717041
