0.13827943801879883
0.1372685432434082
0.13731837272644043
0.13721871376037598
0.1375715732574463
0.13753104209899902
0.1372547149658203
0.1378476619720459
0.1372060775756836
0.13737273216247559
0.13763689994812012
0.13740849494934082
0.13742494583129883
0.1371312141418457
0.13753294944763184
0.13736319541931152
0.13749217987060547
0.13774704933166504
0.1372065544128418
0.13767099380493164
0.13748693466186523
0.13725543022155762
0.13775849342346191
0.13737082481384277
0.13788366317749023
0.1379842758178711
0.1375741958618164
0.13781142234802246
0.13774561882019043
0.13751006126403809
0.13791298866271973
0.13760757446289062
0.13768792152404785
0.13737058639526367
0.13741540908813477
0.13752365112304688
0.13752484321594238
0.1375715732574463
0.1376357078552246
0.13747525215148926
0.13733148574829102
0.13744688034057617
0.13764500617980957
0.1375715732574463
0.13730311393737793
0.13741755485534668
0.13764667510986328
0.13718032836914062
0.13778352737426758
0.1374976634979248
