0.1856238842010498
0.0551450252532959
0.05893898010253906
0.05500984191894531
0.0528407096862793
0.05198359489440918
0.05200314521789551
0.05204200744628906
0.05230450630187988
0.05209207534790039
0.05226278305053711
0.051975250244140625
0.052464962005615234
0.052324771881103516
0.052179813385009766
0.05219888687133789
0.052359580993652344
0.05223250389099121
0.052228689193725586
0.0520319938659668
0.05214834213256836
0.052052974700927734
0.05214643478393555
0.052138566970825195
0.052465200424194336
0.05245256423950195
0.051941633224487305
0.0518338680267334
0.05220198631286621
0.052364349365234375
0.0523073673248291
0.05219411849975586
0.052171945571899414
0.05208110809326172
0.05239725112915039
0.05279064178466797
0.05263209342956543
0.05272483825683594
0.05212569236755371
0.05224204063415527
0.052552223205566406
0.05235433578491211
0.05212092399597168
0.05266833305358887
0.05255317687988281
0.052561044692993164
0.05211949348449707
0.052185773849487305
0.05211663246154785
0.052149295806884766
