0.3568384647369385
0.3558933734893799
0.3574643135070801
0.35569214820861816
0.35546040534973145
0.3561396598815918
0.358778715133667
0.3564589023590088
0.35602712631225586
0.35910463333129883
0.35555076599121094
0.35906434059143066
0.3553285598754883
0.3628120422363281
0.3710639476776123
0.3666708469390869
0.36025500297546387
0.36704015731811523
0.3722395896911621
0.36675429344177246
0.36699676513671875
0.3601548671722412
0.3647887706756592
0.3627798557281494
0.35791516304016113
0.36159420013427734
0.40869784355163574
0.3571174144744873
0.3592343330383301
0.36237001419067383
0.36016106605529785
0.3654165267944336
0.36945199966430664
0.36919665336608887
0.3691987991333008
0.36274194717407227
0.3612630367279053
0.36052560806274414
0.3666517734527588
0.36374974250793457
0.35790228843688965
0.3559849262237549
0.3718886375427246
0.36012911796569824
0.3575248718261719
0.3616511821746826
0.35504889488220215
0.36717796325683594
0.36710071563720703
0.3673408031463623
