0.027217864990234375
0.026702165603637695
0.026876211166381836
0.026633501052856445
0.026888132095336914
0.026964664459228516
0.026658296585083008
0.026534557342529297
0.026353836059570312
0.026549577713012695
0.026731491088867188
0.02685379981994629
0.027518749237060547
0.026949167251586914
0.027046918869018555
0.026426076889038086
0.026528120040893555
0.0264127254486084
0.027411222457885742
0.0268707275390625
0.026623964309692383
0.02920222282409668
0.028313398361206055
0.02907395362854004
0.02860879898071289
0.028892993927001953
0.028366804122924805
0.027852296829223633
0.028145551681518555
0.028912782669067383
0.028895139694213867
0.05803036689758301
0.04802727699279785
0.04475045204162598
0.028772354125976562
0.02809929847717285
0.0286252498626709
0.0275723934173584
0.026551008224487305
0.028975486755371094
0.02724146842956543
0.026761293411254883
0.027748823165893555
0.02671670913696289
0.026304244995117188
0.028107166290283203
0.02748394012451172
0.02767324447631836
0.026910066604614258
0.026507854461669922
